1.619155e+06
3.036438e+06
3.453945e+06
3.487680e+06
3.541117e+06
3.443689e+06
3.225085e+06
2.860745e+06
2.281903e+06
1.220243e+06
1.42
1.720650e+06
3.134971e+06
3.568679e+06
3.595103e+06
3.458430e+06
3.349395e+06
3.150157e+06
2.865300e+06
2.194996e+06
1.132319e+06
1.065
1.786419e+06
3.133065e+06
3.605732e+06
3.488450e+06
3.340426e+06
3.229639e+06
3.103375e+06
2.889562e+06
2.364643e+06
1.228690e+06
0.71
1.786419e+06
3.133065e+06
3.605732e+06
3.488450e+06
3.340426e+06
3.229639e+06
3.103375e+06
2.889562e+06
2.364643e+06
1.228690e+06
0.355
4.465249e+06
3.573121e+06
3.967555e+06
2.743435e+06
2.435415e+06
2.243814e+06
1.566630e+06

3.705758e+06
2.992869e+06
0
4.465249e+06
3.573121e+06
3.967555e+06
2.743435e+06
2.435415e+06
2.243814e+06
1.566630e+06

3.705758e+06
2.992869e+06
-0.355
3.417441e+06
2.981159e+06
3.342265e+06
1.673712e+06
4.088602e+05
3.855765e+06
4.091504e+06
3.204701e+06
3.093951e+06
2.100643e+06
-0.71
6.570263e+05
4.255266e+06
3.966879e+06
4.646600e+06
2.802373e+06
7.163841e+05
3.714491e+06
3.860544e+06
2.828940e+06
7.214982e+05
-1.065
2.946863e+03
1.853612e+03
4.741286e+02
1.458529e+03
4.693878e+06
4.693878e+06
4.693878e+06
4.693878e+06
4.693878e+06
4.693878e+06
-1.42
8.293002e+06
2.123188e+06
6.517699e+06
1.605159e+06
1.605159e+06
1.605159e+06
1.605159e+06
1.605159e+06
1.605159e+06
1.605159e+06


